100030001
100050001
100060001
100111001
100131001
100161001
100404001
100656001
100707001
100767001
100888001
100999001
101030101
101060101
101141101
101171101
101282101
101292101
101343101
101373101
101414101
101424101
101474101
101595101
101616101
101717101
101777101
101838101
101898101
101919101
101949101
101999101
102040201
102070201
102202201
102232201
102272201
102343201
102383201
102454201
102484201
102515201
102676201
102686201
102707201
102808201
102838201
103000301
103060301
103161301
103212301
103282301
103303301
103323301
103333301
103363301
103464301
103515301
103575301
103696301
103777301
103818301
103828301
103909301
103939301
104000401
104030401
104040401
104111401
104222401
104282401
104333401
104585401
104616401
104787401
104838401
104919401
104949401
105121501
105191501
105202501
105262501
105272501
105313501
105323501
105343501
105575501
105616501
105656501
105757501
105818501
105868501
105929501
106060601
106111601
106131601
106191601
106222601
106272601
106353601
106444601
106464601
106545601
106555601
106717601
106909601
106929601
107000701
107070701
107121701
107232701
107393701
107414701
107424701
107595701
107636701
107646701
107747701
107757701
107828701
107858701
107868701
107888701
107939701
107949701
108070801
108101801
108121801
108151801
108212801
108323801
108373801
108383801
108434801
108464801
108484801
108494801
108505801
108565801
108686801
108707801
108767801
108838801
108919801
108959801
109000901
109101901
109111901
109161901
109333901
109404901
109434901
109444901
109474901
109575901
109656901
109747901
109777901
109797901
109818901
109909901
109929901
